600
300
500
97 67
67 17
72 37
53 35
83 2
44 45
8 88
74 15
7 49
20 22
7 37
88 34
86 86
12 35
51 83
15 19
36 13
50 49
50 74
42 3
48 32
86 87
68 22
71 60
82 75
11 57
57 55
6 100
0 43
92 19
38 51
30 74
22 40
80 80
49 38
70 21
74 64
86 22
82 41
15 23
80 29
84 94
59 37
80 91
9 59
76 37
10 13
19 5
51 99
36 99
19 67
30 73
95 60
67 82
4 42
37 49
42 85
21 87
77 67
25 67
3 52
31 67
72 81
79 50
48 89
55 15
88 34
94 51
100 48
56 26
75 3
54 93
79 16
83 41
74 22
40 74
40 44
24 72
21 78
67 2
17 70
3 88
5 71
85 63
89 4
74 40
99 30
46 28
35 44
66 96
35 9
19 5
77 76
19 43
45 99
34 52
40 29
100 3
66 11
15 85
91 20
50 89
83 90
33 63
24 85
60 65
70 25
0 79
21 13
11 87
38 66
95 11
14 44
55 61
11 80
66 36
25 1
91 83
11 74
24 90
54 35
60 84
62 91
3 27
80 49
82 81
92 17
28 42
2 5
51 83
19 13
15 83
65 10
50 72
28 76
77 75
24 48
38 3
97 53
1 41
88 76
59 49
92 79
50 87
36 94
74 0
50 21
98 89
26 14
57 47
88 20
69 100
69 79
31 6
14 65
6 99
48 1
47 66
18 5
99 97
64 20
41 72
26 13
94 4
18 19
39 16
16 72
50 7
81 85
16 47
12 95
62 22
54 60
65 8
5 39
59 29
68 35
48 67
37 94
79 7
24 55
27 85
58 6
91 77
91 38
99 73
96 2
62 61
35 15
54 93
88 6
41 80
12 55
15 55
63 49
4 60
44 53
59 31
74 2
6 15
89 64
66 5
32 84
99 94
52 33
40 19
99 40
61 47
69 10
59 42
2 98
50 29
60 46
14 8
90 0
64 21
93 78
27 97
90 91
90 26
11 42
48 29
43 76
52 8
17 11
8 77
6 19
31 24
99 32
32 46
33 88
66 63
59 92
82 93
85 14
22 37
67 62
37 70
45 76
53 89
32 62
81 61
51 38
70 78
23 49
2 69
31 22
13 34
27 56
70 61
99 78
40 93
28 31
6 43
99 73
0 59
86 30
68 47
25 2
17 3
38 14
37 19
54 35
91 50
11 47
24 27
86 9
6 30
40 13
53 12
37 38
34 53
0 89
91 68
71 25
39 7
93 9
10 76
93 46
93 1
28 3
79 84
80 13
93 51
29 86
23 45
99 66
20 23
91 99
90 77
50 62
37 95
71 42
55 47
14 29
99 47
97 8
88 43
94 43
28 81
25 22
54 18
41 90
54 74
16 32
60 43
38 66
7 63
76 75
3 28
42 91
65 68
10 38
47 53
100 3
25 76
94 91
81 45
18 34
32 34
78 34
66 92
54 82
56 39
68 97
87 25
93 9
13 17
36 2
72 61
36 35
26 63
7 29
29 6
40 92
92 62
19 84
65 57
62 74
70 87
11 29
38 22
5 70
38 52
79 42
77 9
38 14
9 2
75 45
36 38
66 15
65 94
16 86
25 30
83 79
7 61
83 61
30 12
30 88
96 69
44 8
22 73
75 83
94 98
1 16
31 30
90 68
19 62
92 6
85 44
4 75
1 92
70 53
6 31
66 100
7 2
75 10
59 96
93 15
31 52
48 61
28 28
91 38
44 47
57 48
89 95
52 27
80 90
88 22
21 52
54 53
29 96
57 95
77 88
6 16
77 74
2 54
58 4
17 59
73 68
62 40
67 62
17 14
2 46
64 4
58 90
85 18
12 53
7 8
24 55
29 13
33 0
71 31
56 92
25 54
94 28
90 88
68 26
38 7
78 70
59 1
19 1
55 10
18 99
53 62
41 8
8 82
79 74
31 45
99 34
29 57
44 58
84 18
92 78
13 21
22 36
37 38
14 42
6 92
19 99
6 59
7 60
0 14
59 52
53 31
88 23
81 82
66 98
75 64
85 24
60 54
93 7
15 97
55 73
72 21
46 40
67 78
93 19
72 67
98 17
41 24
5 86
49 21
86 71
61 24
44 36
43 20
84 2
76 58
45 4
10 47
24 92
77 77
43 83
0 48
38 7
59 7
28 43
81 7
98 80
16 41
28 42
44 25
50 78
82 86
32 95
52 92
69 57
39 29
43 78
51 5
12 82
91 9
17 7
53 37
79 81
22 35
61 73
50 33
18 77
71 98
89 51
74 90
85 23
68 79
51 27
75 18
28 29
36 66
2 11
92 56
91 47
86 81
80 51
94 35
32 64
81 31
20 88
77 54
100 71
64 44
29 50
79 39
71 23
0 82
37 73
87 58
38 27
45 72
74 84
48 38
69 72
59 28
49 55
25 2
46 48
64 56
61 41
64 42
90 31
70 64
22 26
20 56
95 26
10 31
69 34
5 58
52 4
25 31
33 0
48 17
73 45
87 11
20 33
64 50
81 76
2 100
22 2
95 89
19 16
16 4
28 54
58 21
52 81
47 50
67 85
97 96
73 39
38 83
99 59
35 68
67 79
47 3
92 89
71 42
12 77
30 87
75 7
54 55
4 26
78 0
62 71
9 74
56 1
60 47
14 20
66 61
30 47
2 79
87 21
98 73
26 100
73 95
49 0
26 26
26 53
23 70
43 89
56 99
11 65
86 15
43 25
38 17
96 73
61 40
80 83
82 24
18 5
72 20
46 67
19 64
34 72
26 42
6 77
8 82
64 17
8 60
77 73
45 47
87 72
54 72
97 66
37 1
21 14
82 8
73 67
5 67
76 6
49 31
80 82
100 57
16 9
82 7
20 93
31 26
65 7
39 85
53 61
75 77
51 74
7 22
90 23
96 12
9 65
46 45
68 55
64 45
19 51
9 45
38 39
12 40
92 2
63 52
95 44
84 3
26 11
1 91
69 82
46 97
7 45
100 58
70 42
93 64
8 89
94 68
75 12
14 6
24 66
76 43
47 85
96 59
16 39
20 97
94 85
29 32
90 67
8 96
59 59
13 67
35 33
46 7
13 9
75 26
36 3
88 16
75 49
88 83
80 57
42 74
72 39
5 37
99 27
53 81
47 57
57 66
39 82
57 69
95 52
21 98
13 30
79 8
92 55
11 32
72 37
42 19
23 43
71 47
94 21
45 23
55 41
89 1
70 95
12 12
9 30
27 34
42 90
44 5
4 100
36 21
41 76
86 78
92 30
51 56
45 51
92 62
29 100
94 47
59 99
96 6
40 34
23 22
94 48
48 67
55 64
40 50
28 96
92 25
47 86
36 8
71 92
57 95
7 100
65 51
23 66
66 60
48 29
77 90
22 7
72 24
75 77
38 11
2 69
20 29
38 15
6 22
16 8
74 29
80 90
55 38
64 69
98 21
77 78
86 75
65 99
76 57
34 5
40 13
9 2
17 60
49 47
21 90
18 31
21 95
100 65
33 42
29 63
7 31
72 5
71 93
49 2
75 46
25 49
51 14
41 0
47 68
57 56
87 34
29 75
39 7
50 95
23 39
36 45
51 30
22 74
76 21
33 37
86 16
98 24
25 36
3 4
60 38
73 26
1 46
20 68
62 6
45 36
81 85
82 81
20 31
18 3
41 63
79 51
76 93
96 76
46 67
4 99
92 5
52 77
44 93
65 38
74 72
23 77
23 54
86 4
7 44
6 70
21 14
74 51
94 63
96 69
33 39
45 100
43 24
83 63
0 87
25 48
91 74
27 48
52 13
57 79
49 25
6 29
81 36
65 80
48 74
79 60
25 81
72 23
86 68
21 54
68 52
25 46
94 58
72 19
98 11
36 95
91 12
48 42
88 37
77 79
38 35
83 55
79 64
31 20
74 30
83 52
64 42
66 74
93 57
34 37
99 57
35 71
79 55
92 84
28 33
34 68
22 67
97 16
36 0
98 94
12 77
85 46
19 76
100 50
54 79
1 33
70 52
6 36
86 15
48 64
31 14
81 82
65 53
20 43
36 67
43 84
29 48
24 27
78 48
93 23
22 31
49 94
97 93
7 21
85 82
96 55
2 82
34 42
85 67
34 20
3 88
35 43
71 32
47 25
14 14
11 5
100 37
29 26
47 96
43 2
57 98
79 39
47 59
93 79
100 99
86 26
35 69
68 20
12 5
86 14
19 26
63 63
89 85
46 92
94 1
99 90
95 16
42 43
22 41
39 34
26 88
56 91
78 61
33 90
3 90
15 85
48 90
40 79
36 2
4 87
42 97
79 69
12 2
9 20
20 34
21 15
5 12
74 43
33 83
72 73
57 2
58 54
99 71
74 99
51 34
97 44
12 59
61 76
62 24
24 36
51 83
95 11
21 57
5 34
73 54
22 44
64 30
67 47
11 62
96 6
16 28
87 59
34 29
19 13
49 96
44 44
55 67
90 39
39 42
96 61
4 12
8 85
31 68
29 75
48 8
36 92
50 64
59 89
1 50
11 79
